% This program is written to load temperature parameters
Tout24=[33.5
32.1
33.2
33.6
35.5
35.3
33.3
32.3
32.5
33
39.2
44.8
47.4
49.3
49.2
49.8
49
47.2
45.2
43.2
41.1
40.4
39.1
40
41.6
41.7
39.8
39.3
39
39.4
40.4
40.5
40.6
41
42.8
44.7
45.6
46.1
47
47.3
47
46.9
46.9
47
46.9
47
46.5
45.8
44.4
43.1
41.1
37.8
34.1
30.7
28.1
25.3
24
24.5
25.8
27.8
29.5
31.2
32.4
33.3
33.4
32.2
30.4
29.1
28.5
27.1
26.2
25.1
24.9
24.1
22.3
22.1
21.9
21.3
21.1
20.4
20.2
22.4
27.3
31.3
32.4
34.1
35.7
37
37.2
37.2
37.1
37.1
36.9
37.5
37.4
37.7
37.6
37.8
38.1
37.9
38
38.2
38.6
38.6
38.8
39.7
41.6
46.1
49.8
55.6
60
59.9
59.3
59
58.6
58.4
59.5
54.9
54.7
54.5
55.9
57.3
58.4
58.5
59.2
59.2
60.6
61.3
60.4
53.1
49.1
46.4
46
46.4
46
44.4
42.1
40.6
37.9
35.2
32.1
28.9
25.5
22.2
18.6
16
15.1
13.8
12.7
11.7
10.9
10.4
9.9
10.2
11.7
14.2
16.3
18.5
20.7
23.5
24.4
24.5
23
21.5
20.6
19.9
18.3
18.5
18.3
17.4
17.4
18.1
16.5
16.5
15.8
15
16.3
19
25.3
31
35.3
37.9
40.4
42
41.6
40.1
37.6
34.7
33
31.7
30.6
29.7
28.8
27.2
26
26.9
26.2
25.5
25.9
25.7
26.5
29.4
37.8
44.7
47.1
50.3
52.6
53.4
52.4
50.8
47.8
45.2
43.2
43.3
43.4
43.4
43.1
42.7
42
41.8
41.5
40.4
40.2
40.1
40.9
41.8
41.6
41.6
42.6
44.4
45.8
47.1
47.6
47.8
47.9
48.8
49.7
50.7
51.9
56.3
59
59.5
60.3
60.1
61.2
61.9
62.6
62.8
63.1
63.3
63.9
65.1
66.6
66.7
67.8
63.1
58.9
58
57.6
56.8
56.2
56
56.2
55.7
54.6
54.9
54
52.7
50
48.5
46.6
44.7
44
46
48.3
50.9
52.4
53.9
55.4
56.5
56.9
55.5
51.5
47.5
44.6
44
41.2
41.6
39
38.4
37
35.4
36
36.2
35.8
34.9
36.1
39.3
45.4
51.4
55.6
57.5
58.7
59.7
58.5
57.4
54.5
53
52.7
52.2
51.7
51.7
51.9
53
51.2
49.6
49.8
49.4
49.1
49.1
49.2
49.7
50.4
51.2
51.6
50.3
49.9
51.4
53.5
53.2
50.4
46
43.7
42.1
41.1
40.6
39.5
40.6
41.3
40.4
39.4
38
39.5
38.7
37.5
38.3
41.9
45.8
51.6
55.3
56.5
57.6
58.5
57.8
54
50
46
46.7
43.3
41
39.3
38.3
37.8
37.9
37.1
35.6
35.3
35.2
35
35.3
36
36.4
37.4
40.2
42.8
42.7
44.2
43.1
40.2
37.3
34.1
32.1
31.3
30.8
31.2
31.7
30.7
30.1
30
30.7
30.2
30.1
30.4
32.8
37.2
42.7
47.4
50.4
52.7
53.2
52.3
51.3
50
49.1
47.3
46.4
44.3
43.9
46.6
47.2
43.7
40.7
37.9
35.5
34.1
32.2
32.1
32.3
33.6
34.9
35.3
34.9
35
35.5
36.2
35.7
33.2
31
29.4
28.5
28.1
27.5
28.2
30.9
32
31.8
32.4
33.5
34
34.1
34
35.2
37.9
43.2
46.5
49.5
51.6
52.7
52.8
51.6
48.3
43.6
42.5
40.8
39.6
37.9
37.1
36.6
34.8
37.7
40
39.8
37.7
35.5
34.9
37.8
43.8
47.7
52.3
56.4
59.5
61.9
63.2
61.7
57.8
54
48.8
48
47.1
45.9
44.6
42
38.4
37.1
36.6
33.2
33.2
32.7
33.4
35.6
40
45.4
49.2
51.9
53.1
50.9
50
48.1
43.7
39
34.4
31.6
29
28.2
26.8
26.7
25.6
25.7
26
25.7
24.5
23.9
22.5
22.8
23.6
24.2
25.8
27.4
28.8
30.1
30.4
29.9
28.3
27.1
25.2
23
21.6
20.2
19.9
20.5
20
18.9
18.7
18.4
17.7
18.4
18.8
22.8
28.8
31.5
33.8
35.4
37.1
37.8
37.9
37
35.2
33.7
31.7
29.3
26.8
24.4
22.3
20
17.6
16.7
16.4
15.3
13.6
12.5
12
13.3
14.1
17.1
19.5
21.7
23.6
25.3
25.9
25.9
23.5
21.6
20
17.9
17
18.4
18.6
18.8
18.8
18.9
18.6
18.1
18.6
19.9
19.7
22.8
27.4
29.7
31.7
34
36.8
38
39.7
41.3
41.4
40
38.4
37.3
37
37
36.6
35.5
33.8
32
30.3
28.7
29.2
25.3
26.1
32
37.3
41.8
44.4
46.2
48.4
49.9
50.7
49.3
47.1
45
43.4
43.2
44.5
44.3
43.4
42.5
42.5
42.8
43.4
44
44.3
44.9
44.9
45.9
48.1
53
58.3
61.3
63.3
63.8
63.9
62.2
59.4
56.9
54.8
46.7
40.9
37.6
35
33.2
31.6
30.1
29.4
29
28.3
27.8
27.4
27.3
27.9
28.1
28.7
28.9
28.6
28.3
27.9
27.1
24.4
21.1
19.7
18.8
18
17.1
17.2
16.8
16.6
17.1
17.1
17.1
17.5
17.3
17.3
17.7
19
20.4
21.8
22.2
24.4
26.4
27
26.6
26
25.3
24.2
23.7
22.7
19.7
16.4
14.4
13
11.7
11.5
11.3
8.1
8.4
8.1
16.5
21.2
25.8
28.7
32.1
33.7
36
36.3
35.2
33.2
29.6
27.1
25.3
24
24
24.3
22.3
20.6
19.3
18
16.1
16.3
15.5
15.3
22.3
32.6
39.3
42.9
45.5
47.9
51.3
49.6
48.7
46
43
39.2
35.9
32.5
32
30.4
28.7
28.5
28.3
27
26.8
27
26.3
26.3
32.3
42
47.6
51.8
55.1
55.9
51.8
51.3
49.3
45.8
42.6
42.7
42.5
42.3
42.4
42.3
42.4
42.9
43.2
43.5
44
44.8
45.2
45.4
45.6
46.5
48.7
53.4
57
60
61.8
63.2
62.9
60
56.5
53.2
53.3
52
50.9
51.3
51.3
50.7
50.2
50.9
52.3
54.7
55.5
55.9
56.8
58.6
60.2
59.1
61.1
61.5
47.9
46.8
45.8
45.3
44.8
43.8
42.1
41
40.7
40.4
40
39.6
39.5
39.4
39.2
39.1
38.7
38.6
38.6
38.6
38.4
38.5
39
39.6
39.4
37.9
37.8
38
38.2
38.4
38.5
38.5
38.5
38.5
38.6
38.7
38.8
38.6
38.6
38.7
39.1
39.3
39.6
40.8
44
45.1
45.4
47.2
48.4
49.9
50.8
49.6
47.8
46.6
47.5
48.2
45.9
43
42.1
40.3
38.3
36.8
35.5
34.4
33.4
32.7
33.4
35.2
37.3
38.6
39.1
40.5
40.5
40.9
40.2
39
38
37.7
37.4
36.8
36.2
36.6
36.3
34.8
34.4
34
33.7
34.2
33.2
32.3
34.1
39.3
42.7
45.8
47.2
48.6
49.8
50.8
49.6
47.2
44.5
41.2
39.7
39.5
36.6
36.4
37.5
37.3
37
36.5
35.8
36.3
36.3
36.7
37.4
39.5
40.9
41.8
43.4
46.3
47.5
48.5
48.6
46.6
42.7
41.1
39.2
36.7
36.9
33.9
32.6
32.1
30.3
29.4
28.7
28.4
29.2
30.3
31.4
34
37.1
40.4
43.6
46.9
51.2
53.6
53.5
52.1
49.5
49.3
47.6
47.5
49.1
47.2
43.9
40.1
39.6
40.6
40.8
40.6
39.8
39.4
39.8
41.1
41.4
41.3
39.4
38
37.3
36.8
36.2
35.8
35.3
35.1
34.8
34.7
34.7
34.7
34.7
34.7
34.5
34.5
34.2
32.2
30.6
30.4
30.1
29.8
28.6
27.7
27.1
28.4
29.6
30.6
31.1
31.1
31
31
30.8
30.5
30.1
29.4
28
27
26.4
25.9
25.6
25.3
25.3
25.3
25.5
25.6
25.9
26.4
26.1
23.2
23
23
22.8
24.3
25.6
26.6
28.2
29.5
30.7
31.5
32
32.2
32.1
32
32.2
32.4
32.3
32
32
32.5
32.9
33.1
32.8
33
33.3
33.5
33.5
33.6
34.1
34.6
34.9
35.8
35.9
35.8
35.9
34.9
33.2
32.2
32
32
31.6
31.6
35
40
44.1
47.4
50.7
53.5
55.8
56.6
53.2
48.8
45.2
43.4
42.1
42.2
41.8
43
42.9
42.6
42.3
42
40.4
38.9
39
39.3
40
40.9
41.1
41.6
44.1
45.1
45.7
44.7
43
41.1
38.6
36.4
34.7
34.4
33.3
33
32.9
32.3
32
31.8
31.4
31.3
31.5
31.1
32
34.3
37.7
42.1
45.9
47.9
49.8
51.4
51.7
49.9
45.5
43
39.4
38.9
38.4
39.3
39.2
37.2
35
34.4
33.8
32.8
31.4
30.4
31.6
33.6
36.1
38.9
41.1
42.7
43.8
43.9
43.3
41.9
40.1
38.6
37.5
36.8
37.2
37.2
37.1
37.5
36.6
36.1
36
36.2
34.9
35
41.4
47.9
52.6
56.3
59.6
61.9
63.6
64.6
63.9
60.7
56
50.3
47.4
46.1
45.5
46.4
47.1
48.2
47.9
47.9
49
51.2
51.3
52.1
53.1
55.6
57.7
60
63.1
66.7
69.3
70.2
71
69
64.5
60.9
60.8
59.6
59.1
58
56.6
58.6
56.9
55.2
54
53.5
53.6
53.4
53.6
55
58.5
61.9
64.4
65.8
68.1
69.4
71.2
70
66.8
64.5
64.9
65.5
66
66
64.6
64.9
65.5
65.8
65.8
64.9
64.4
64.2
65.5
67.5
68.9
61
59.3
60.5
63
64.7
60.3
58.8
56.5
53.6
49.7
47.6
45.4
49.4
49.4
46.1
41.1
45.1
46
44.1
41.1
40.6
47.3
51.7
53.6
55.8
58.6
61.4
63.4
63.7
63.5
60.6
56.2
52.4
49.1
46.7
45.9
44.6
43.5
43.5
42.4
41
39
41.6
40.5
39
45.7
54.4
59.5
60.6
61.6
63.8
65.8
66.2
64.7
62.7
59.5
57.7
55.6
53.1
50.9
51
52.2
52.3
51.5
50.8
49
47.2
45.5
45.9
49.6
51.9
53.3
55.4
56.3
57.8
59
59.6
58.6
57
53.3
51
49.6
47.2
45.2
44.1
42.3
40.8
39.3
37.4
35.9
33.7
33.3
36.3
39.4
43.4
45.6
48
50.2
54.1
55
53.3
51.1
48.7
45.5
44.1
43.1
41.8
40.4
38.4
39.3
38.7
38.4
37.2
37
37
36.6
36.6
37.3
38.1
39
40.5
40.8
41.5
43.5
45.4
46.2
45.7
42.9
40.3
39.4
35.3
33.8
32.5
32.5
32
30.5
29
28.4
25.8
24.5
26.3
32.3
37.8
